222   11.541466 1.064E-36 4.581E-03.06630.066    0.00000.810.000000              0              0                    S  0q     344440 4 3 2 1 1 0    36.0   36.0
222   19.235348 1.423E-35 4.581E-03.06210.062    3.84720.790.000000              0              0                    S  1q     344440 4 3 2 1 1 0   108.0  108.0
222   26.928585 7.388E-35 4.581E-03.05880.059   11.54150.780.000000              0              0                    S  2q     344440 4 3 2 1 1 0   180.0  180.0
222   34.620921 2.428E-34 4.581E-03.05620.056   23.08250.770.000000              0              0                    S  3q     344440 4 3 2 1 1 0   252.0  252.0
222   42.312098 6.060E-34 4.581E-03.05420.054   38.47010.760.000000              0              0                    S  4q     344440 4 3 2 1 1 0   324.0  324.0
222   50.001858 1.252E-33 4.577E-03.05250.053   57.70350.760.000000              0              0                    S  5q     344440 4 3 2 1 1 0   396.0  396.0
222   57.689944 2.250E-33 4.577E-03.05120.051   80.78210.750.000000              0              0                    S  6q     344440 4 3 2 1 1 0   468.0  468.0
222   65.376099 3.628E-33 4.577E-03.04990.050  107.70530.740.000000              0              0                    S  7q     344440 4 3 2 1 1 0   540.0  540.0
222   73.060065 5.356E-33 4.577E-03.04880.049  138.47210.730.000000              0              0                    S  8q     344440 4 3 2 1 1 0   612.0  612.0
222   80.741584 7.336E-33 4.577E-03.04760.048  173.08140.710.000000              0              0                    S  9q     344440 4 3 2 1 1 0   684.0  684.0
222   88.420400 9.416E-33 4.573E-03.04630.046  211.53220.680.000000              0              0                    S 10q     344440 4 3 2 1 1 0   756.0  756.0
222   96.096255 1.143E-32 4.573E-03.04480.045  253.82300.650.000000              0              0                    S 11q     344440 4 3 2 1 1 0   828.0  828.0
222  103.768892 1.318E-32 4.573E-03.04330.043  299.95260.620.000000              0              0                    S 12q     344440 4 3 2 1 1 0   900.0  900.0
222  111.438055 1.453E-32 4.570E-03.04150.041  349.91930.570.000000              0              0                    S 13q     344440 4 3 2 1 1 0   972.0  972.0
222  119.103485 1.534E-32 4.570E-03.03960.040  403.72150.520.000000              0              0                    S 14q     344440 4 3 2 1 1 0  1044.0 1044.0
222  126.764926 1.556E-32 4.570E-03.03750.038  461.35730.470.000000              0              0                    S 15q     344440 4 3 2 1 1 0  1116.0 1116.0
222  134.422122 1.522E-32 4.566E-03.03540.035  522.82490.410.000000              0              0                    S 16q     344440 4 3 2 1 1 0  1188.0 1188.0
222  142.074815 1.437E-32 4.566E-03.03320.033  588.12220.340.000000              0              0                    S 17q     344440 4 3 2 1 1 0  1260.0 1260.0
222  149.722749 1.313E-32 4.562E-03.03110.031  657.24710.270.000000              0              0                    S 18q     344440 4 3 2 1 1 0  1332.0 1332.0
222  157.365668 1.162E-32 4.562E-03.02910.029  730.19710.200.000000              0              0                    S 19q     344440 4 3 2 1 1 0  1404.0 1404.0
222  165.003315 9.980E-33 4.559E-03.02740.027  806.96980.200.000000              0              0                    S 20q     344440 4 3 2 1 1 0  1476.0 1476.0
222  172.635433 8.322E-33 4.559E-03.02730.027  887.56270.200.000000              0              0                    S 21q     344440 4 3 2 1 1 0  1548.0 1548.0
222  180.261768 6.744E-33 4.555E-03.02730.027  971.97310.200.000000              0              0                    S 22q     344440 4 3 2 1 1 0  1620.0 1620.0
222  187.882062 5.316E-33 4.552E-03.02730.027 1060.19820.200.000000              0              0                    S 23q     344440 4 3 2 1 1 0  1692.0 1692.0
222  195.496060 4.080E-33 4.552E-03.02730.027 1152.23490.200.000000              0              0                    S 24q     344440 4 3 2 1 1 0  1764.0 1764.0
222  203.103507 3.050E-33 4.548E-03.02730.027 1248.08020.200.000000              0              0                    S 25q     344440 4 3 2 1 1 0  1836.0 1836.0
222  210.704146 2.224E-33 4.544E-03.02730.027 1347.73100.200.000000              0              0                    S 26q     344440 4 3 2 1 1 0  1908.0 1908.0
222  218.297722 1.580E-33 4.544E-03.02730.027 1451.18370.200.000000              0              0                    S 27q     344440 4 3 2 1 1 0  1980.0 1980.0
222  225.883980 1.096E-33 4.541E-03.02730.027 1558.43510.200.000000              0              0                    S 28q     344440 4 3 2 1 1 0  2052.0 2052.0
222  233.462666 7.416E-34 4.537E-03.02730.027 1669.48140.200.000000              0              0                    S 29q     344440 4 3 2 1 1 0  2124.0 2124.0
222  241.033523 4.906E-34 4.533E-03.02730.027 1784.31910.200.000000              0              0                    S 30q     344440 4 3 2 1 1 0  2196.0 2196.0
222  248.596298 3.168E-34 4.533E-03.02730.027 1902.94410.200.000000              0              0                    S 31q     344440 4 3 2 1 1 0  2268.0 2268.0
222  256.150736 1.999E-34 4.530E-03.02730.027 2025.35250.200.000000              0              0                    S 32q     344440 4 3 2 1 1 0  2340.0 2340.0
222  263.696582 1.234E-34 4.526E-03.02730.027 2151.54030.200.000000              0              0                    S 33q     344440 4 3 2 1 1 0  2412.0 2412.0
222  271.233582 7.438E-35 4.522E-03.02730.027 2281.50340.200.000000              0              0                    S 34q     344440 4 3 2 1 1 0  2484.0 2484.0
222  278.761483 4.388E-35 4.519E-03.02730.027 2415.23710.200.000000              0              0                    S 35q     344440 4 3 2 1 1 0  2556.0 2556.0
222  286.280031 2.532E-35 4.515E-03.02730.027 2552.73680.200.000000              0              0                    S 36q     344440 4 3 2 1 1 0  2628.0 2628.0
222  293.788971 1.429E-35 4.511E-03.02730.027 2693.99850.200.000000              0              0                    S 37q     344440 4 3 2 1 1 0  2700.0 2700.0
222  301.288052 7.898E-36 4.508E-03.02730.027 2839.01680.200.000000              0              0                    S 38q     344440 4 3 2 1 1 0  2772.0 2772.0
222  308.777019 4.272E-36 4.504E-03.02730.027 2987.78740.200.000000              0              0                    S 39q     344440 4 3 2 1 1 0  2844.0 2844.0
222  316.255619 2.262E-36 4.500E-03.02730.027 3140.30490.200.000000              0              0                    S 40q     344440 4 3 2 1 1 0  2916.0 2916.0
222 1965.561419 1.325E-36 9.056E-06.02730.027 3140.30490.200.000000              1              0                    O 40q     344440 4 3 2 1 1 0  2916.0 2916.0
222 1974.317392 2.768E-36 9.125E-06.02730.027 2987.78740.200.000000              1              0                    O 39q     344440 4 3 2 1 1 0  2844.0 2844.0
222 1983.050046 5.672E-36 9.194E-06.02730.027 2839.01680.200.000000              1              0                    O 38q     344440 4 3 2 1 1 0  2772.0 2772.0
222 1991.759137 1.141E-35 9.267E-06.02730.027 2693.99850.200.000000              1              0                    O 37q     344440 4 3 2 1 1 0  2700.0 2700.0
222 2000.444418 2.250E-35 9.337E-06.02730.027 2552.73680.200.000000              1              0                    O 36q     344440 4 3 2 1 1 0  2628.0 2628.0
222 2009.105645 4.356E-35 9.410E-06.02730.027 2415.23710.200.000000              1              0                    O 35q     344440 4 3 2 1 1 0  2556.0 2556.0
222 2017.742571 8.270E-35 9.483E-06.02730.027 2281.50340.200.000000              1              0                    O 34q     344440 4 3 2 1 1 0  2484.0 2484.0
222 2026.354950 1.540E-34 9.556E-06.02730.027 2151.54030.200.000000              1              0                    O 33q     344440 4 3 2 1 1 0  2412.0 2412.0
222 2034.942534 2.814E-34 9.629E-06.02730.027 2025.35250.200.000000              1              0                    O 32q     344440 4 3 2 1 1 0  2340.0 2340.0
222 2043.505077 5.040E-34 9.702E-06.02730.027 1902.94410.200.000000              1              0                    O 31q     344440 4 3 2 1 1 0  2268.0 2268.0
222 2052.042329 8.854E-34 9.778E-06.02730.027 1784.31910.200.000000              1              0                    O 30q     344440 4 3 2 1 1 0  2196.0 2196.0
222 2060.554043 1.525E-33 9.851E-06.02730.027 1669.48140.200.000000              1              0                    O 29q     344440 4 3 2 1 1 0  2124.0 2124.0
222 2069.039970 2.576E-33 9.928E-06.02730.027 1558.43510.200.000000              1              0                    O 28q     344440 4 3 2 1 1 0  2052.0 2052.0
222 2077.499860 4.264E-33 1.000E-05.02730.027 1451.18370.200.000000              1              0                    O 27q     344440 4 3 2 1 1 0  1980.0 1980.0
222 2085.933465 6.920E-33 1.008E-05.02730.027 1347.73100.200.000000              1              0                    O 26q     344440 4 3 2 1 1 0  1908.0 1908.0
222 2094.340533 1.101E-32 1.016E-05.02730.027 1248.08020.200.000000              1              0                    O 25q     344440 4 3 2 1 1 0  1836.0 1836.0
222 2102.720814 1.716E-32 1.023E-05.02730.027 1152.23490.200.000000              1              0                    O 24q     344440 4 3 2 1 1 0  1764.0 1764.0
222 2111.074058 2.620E-32 1.031E-05.02730.027 1060.19820.200.000000              1              0                    O 23q     344440 4 3 2 1 1 0  1692.0 1692.0
222 2119.400013 3.918E-32 1.039E-05.02730.027  971.97310.200.000000              1              0                    O 22q     344440 4 3 2 1 1 0  1620.0 1620.0
222 2127.698428 5.740E-32 1.047E-05.02730.027  887.56270.200.000000              1              0                    O 21q     344440 4 3 2 1 1 0  1548.0 1548.0
222 2135.969050 8.234E-32 1.055E-05.02740.027  806.96980.200.000000              1              0                    O 20q     344440 4 3 2 1 1 0  1476.0 1476.0
222 2144.211628 1.156E-31 1.063E-05.02910.029  730.19710.200.000000              1              0                    O 19q     344440 4 3 2 1 1 0  1404.0 1404.0
222 2152.425908 1.590E-31 1.071E-05.03110.031  657.24710.270.000000              1              0                    O 18q     344440 4 3 2 1 1 0  1332.0 1332.0
222 2160.611637 2.138E-31 1.079E-05.03320.033  588.12220.340.000000              1              0                    O 17q     344440 4 3 2 1 1 0  1260.0 1260.0
222 2168.768563 2.810E-31 1.087E-05.03540.035  522.82490.410.000000              1              0                    O 16q     344440 4 3 2 1 1 0  1188.0 1188.0
222 2176.896431 3.610E-31 1.096E-05.03750.038  461.35730.470.000000              1              0                    O 15q     344440 4 3 2 1 1 0  1116.0 1116.0
222 2184.994988 4.532E-31 1.104E-05.03960.040  403.72150.520.000000              1              0                    O 14q     344440 4 3 2 1 1 0  1044.0 1044.0
222 2193.063979 5.550E-31 1.113E-05.04150.041  349.91930.570.000000              1              0                    O 13q     344440 4 3 2 1 1 0   972.0  972.0
222 2201.103150 6.630E-31 1.121E-05.04330.043  299.95260.620.000000              1              0                    O 12q     344440 4 3 2 1 1 0   900.0  900.0
222 2209.112246 7.716E-31 1.129E-05.04480.045  253.82300.650.000000              1              0                    O 11q     344440 4 3 2 1 1 0   828.0  828.0
222 2217.091012 8.724E-31 1.138E-05.04630.046  211.53220.680.000000              1              0                    O 10q     344440 4 3 2 1 1 0   756.0  756.0
222 2225.039191 9.578E-31 1.146E-05.04760.048  173.08140.710.000000              1              0                    O  9q     344440 4 3 2 1 1 0   684.0  684.0
222 2232.956530 1.018E-30 1.155E-05.04880.049  138.47210.730.000000              1              0                    O  8q     344440 4 3 2 1 1 0   612.0  612.0
222 2240.842771 1.041E-30 1.164E-05.04990.050  107.70530.740.000000              1              0                    O  7q     344440 4 3 2 1 1 0   540.0  540.0
222 2248.697658 1.020E-30 1.172E-05.05120.051   80.78210.750.000000              1              0                    O  6q     344440 4 3 2 1 1 0   468.0  468.0
222 2256.520935 9.460E-31 1.181E-05.05250.053   57.70350.760.000000              1              0                    O  5q     344440 4 3 2 1 1 0   396.0  396.0
222 2264.236109 1.897E-36 1.240E-05.02000.020 3140.30490.200.000000              1              0                    Q 40q     344440 4 3 2 1 1 0  2916.0 2916.0
222 2264.312346 8.162E-31 1.190E-05.05420.054   38.47010.760.000000              1              0                    O  4q     344440 4 3 2 1 1 0   324.0  324.0
222 2265.559389 3.886E-36 1.239E-05.02000.020 2987.78740.200.000000              1              0                    Q 39q     344440 4 3 2 1 1 0  2844.0 2844.0
222 2266.849470 7.810E-36 1.238E-05.02000.020 2839.01680.200.000000              1              0                    Q 38q     344440 4 3 2 1 1 0  2772.0 2772.0
222 2268.106364 1.542E-35 1.237E-05.02000.020 2693.99850.200.000000              1              0                    Q 37q     344440 4 3 2 1 1 0  2700.0 2700.0
222 2269.330077 2.984E-35 1.237E-05.02000.020 2552.73680.200.000000              1              0                    Q 36q     344440 4 3 2 1 1 0  2628.0 2628.0
222 2270.520620 5.670E-35 1.236E-05.02000.020 2415.23710.200.000000              1              0                    Q 35q     344440 4 3 2 1 1 0  2556.0 2556.0
222 2271.678001 1.056E-34 1.235E-05.02000.020 2281.50340.200.000000              1              0                    Q 34q     344440 4 3 2 1 1 0  2484.0 2484.0
222 2272.071633 6.266E-31 1.199E-05.05620.056   23.08250.770.000000              1              0                    O  3q     344440 4 3 2 1 1 0   252.0  252.0
222 2272.802227 1.931E-34 1.234E-05.02000.020 2151.54030.200.000000              1              0                    Q 33q     344440 4 3 2 1 1 0  2412.0 2412.0
222 2273.893307 3.462E-34 1.233E-05.02000.020 2025.35250.200.000000              1              0                    Q 32q     344440 4 3 2 1 1 0  2340.0 2340.0
222 2274.951248 6.090E-34 1.233E-05.02000.020 1902.94410.200.000000              1              0                    Q 31q     344440 4 3 2 1 1 0  2268.0 2268.0
222 2275.976057 1.050E-33 1.232E-05.02000.020 1784.31910.200.000000              1              0                    Q 30q     344440 4 3 2 1 1 0  2196.0 2196.0
222 2276.967742 1.777E-33 1.231E-05.02000.020 1669.48140.200.000000              1              0                    Q 29q     344440 4 3 2 1 1 0  2124.0 2124.0
222 2277.926309 2.948E-33 1.230E-05.02000.020 1558.43510.200.000000              1              0                    Q 28q     344440 4 3 2 1 1 0  2052.0 2052.0
222 2278.851765 4.794E-33 1.230E-05.02000.020 1451.18370.200.000000              1              0                    Q 27q     344440 4 3 2 1 1 0  1980.0 1980.0
222 2279.744116 7.644E-33 1.229E-05.02000.020 1347.73100.200.000000              1              0                    Q 26q     344440 4 3 2 1 1 0  1908.0 1908.0
222 2279.798539 3.748E-31 1.208E-05.05880.059   11.54150.780.000000              1              0                    O  2q     344440 4 3 2 1 1 0   180.0  180.0
222 2280.603367 1.195E-32 1.229E-05.02000.020 1248.08020.200.000000              1              0                    Q 25q     344440 4 3 2 1 1 0  1836.0 1836.0
222 2281.429525 1.830E-32 1.228E-05.02000.020 1152.23490.200.000000              1              0                    Q 24q     344440 4 3 2 1 1 0  1764.0 1764.0
222 2282.222595 2.748E-32 1.227E-05.02140.021 1060.19820.200.000000              1              0                    Q 23q     344440 4 3 2 1 1 0  1692.0 1692.0
222 2282.982582 4.044E-32 1.227E-05.02300.023  971.97310.200.000000              1              0                    Q 22q     344440 4 3 2 1 1 0  1620.0 1620.0
222 2283.709492 5.828E-32 1.227E-05.02500.025  887.56270.200.000000              1              0                    Q 21q     344440 4 3 2 1 1 0  1548.0 1548.0
222 2284.403328 8.228E-32 1.226E-05.02730.027  806.96980.200.000000              1              0                    Q 20q     344440 4 3 2 1 1 0  1476.0 1476.0
222 2285.064096 1.137E-31 1.226E-05.02990.030  730.19710.200.000000              1              0                    Q 19q     344440 4 3 2 1 1 0  1404.0 1404.0
222 2285.691799 1.539E-31 1.225E-05.03270.033  657.24710.270.000000              1              0                    Q 18q     344440 4 3 2 1 1 0  1332.0 1332.0
222 2286.286442 2.038E-31 1.225E-05.03320.033  588.12220.340.000000              1              0                    Q 17q     344440 4 3 2 1 1 0  1260.0 1260.0
222 2286.848029 2.642E-31 1.225E-05.03390.034  522.82490.410.000000              1              0                    Q 16q     344440 4 3 2 1 1 0  1188.0 1188.0
222 2287.376563 3.350E-31 1.224E-05.03300.033  461.35730.470.000000              1              0                    Q 15q     344440 4 3 2 1 1 0  1116.0 1116.0
222 2287.872048 4.150E-31 1.224E-05.03570.036  403.72150.520.000000              1              0                    Q 14q     344440 4 3 2 1 1 0  1044.0 1044.0
222 2288.334486 5.022E-31 1.223E-05.03560.036  349.91930.570.000000              1              0                    Q 13q     344440 4 3 2 1 1 0   972.0  972.0
222 2288.763880 5.934E-31 1.223E-05.03740.037  299.95260.620.000000              1              0                    Q 12q     344440 4 3 2 1 1 0   900.0  900.0
222 2289.160234 6.840E-31 1.223E-05.04320.043  253.82300.650.000000              1              0                    Q 11q     344440 4 3 2 1 1 0   828.0  828.0
222 2289.523550 7.680E-31 1.223E-05.04660.047  211.53220.680.000000              1              0                    Q 10q     344440 4 3 2 1 1 0   756.0  756.0
222 2289.853830 8.394E-31 1.222E-05.04720.047  173.08140.710.000000              1              0                    Q  9q     344440 4 3 2 1 1 0   684.0  684.0
222 2290.151076 8.906E-31 1.222E-05.04690.047  138.47210.730.000000              1              0                    Q  8q     344440 4 3 2 1 1 0   612.0  612.0
222 2290.415290 9.154E-31 1.222E-05.04760.048  107.70530.740.000000              1              0                    Q  7q     344440 4 3 2 1 1 0   540.0  540.0
222 2290.646474 9.088E-31 1.222E-05.04690.047   80.78210.750.000000              1              0                    Q  6q     344440 4 3 2 1 1 0   468.0  468.0
222 2290.844629 8.666E-31 1.222E-05.04770.048   57.70350.760.000000              1              0                    Q  5q     344440 4 3 2 1 1 0   396.0  396.0
222 2291.009756 7.892E-31 1.222E-05.04900.049   38.47010.760.000000              1              0                    Q  4q     344440 4 3 2 1 1 0   324.0  324.0
222 2291.141856 6.788E-31 1.222E-05.05090.051   23.08250.770.000000              1              0                    Q  3q     344440 4 3 2 1 1 0   252.0  252.0
222 2291.240931 5.496E-31 1.221E-05.05350.053   11.54150.780.000000              1              0                    Q  2q     344440 4 3 2 1 1 0   180.0  180.0
222 2291.306980 4.792E-31 1.221E-05.05670.057    3.84720.790.000000              1              0                    Q  1q     344440 4 3 2 1 1 0   108.0  108.0
222 2302.782397 4.176E-31 1.235E-05.06630.066    0.00000.810.000000              1              0                    S  0q     344440 4 3 2 1 1 0    36.0   36.0
222 2310.377204 7.504E-31 1.244E-05.06210.062    3.84720.790.000000              1              0                    S  1q     344440 4 3 2 1 1 0   108.0  108.0
222 2317.938341 1.051E-30 1.253E-05.05880.059   11.54150.780.000000              1              0                    S  2q     344440 4 3 2 1 1 0   180.0  180.0
222 2325.465550 1.310E-30 1.263E-05.05620.056   23.08250.770.000000              1              0                    S  3q     344440 4 3 2 1 1 0   252.0  252.0
222 2332.958572 1.518E-30 1.272E-05.05420.054   38.47010.760.000000              1              0                    S  4q     344440 4 3 2 1 1 0   324.0  324.0
222 2340.417148 1.666E-30 1.282E-05.05250.053   57.70350.760.000000              1              0                    S  5q     344440 4 3 2 1 1 0   396.0  396.0
222 2347.841021 1.750E-30 1.291E-05.05120.051   80.78210.750.000000              1              0                    S  6q     344440 4 3 2 1 1 0   468.0  468.0
222 2355.229929 1.771E-30 1.300E-05.04990.050  107.70530.740.000000              1              0                    S  7q     344440 4 3 2 1 1 0   540.0  540.0
222 2362.583615 1.734E-30 1.310E-05.04880.049  138.47210.730.000000              1              0                    S  8q     344440 4 3 2 1 1 0   612.0  612.0
222 2369.901819 1.648E-30 1.320E-05.04760.048  173.08140.710.000000              1              0                    S  9q     344440 4 3 2 1 1 0   684.0  684.0
222 2377.184280 1.523E-30 1.329E-05.04630.046  211.53220.680.000000              1              0                    S 10q     344440 4 3 2 1 1 0   756.0  756.0
222 2384.430741 1.370E-30 1.339E-05.04480.045  253.82300.650.000000              1              0                    S 11q     344440 4 3 2 1 1 0   828.0  828.0
222 2391.640940 1.202E-30 1.349E-05.04330.043  299.95260.620.000000              1              0                    S 12q     344440 4 3 2 1 1 0   900.0  900.0
222 2398.814618 1.030E-30 1.359E-05.04150.041  349.91930.570.000000              1              0                    S 13q     344440 4 3 2 1 1 0   972.0  972.0
222 2405.951514 8.614E-31 1.369E-05.03960.040  403.72150.520.000000              1              0                    S 14q     344440 4 3 2 1 1 0  1044.0 1044.0
222 2413.051369 7.044E-31 1.379E-05.03750.038  461.35730.470.000000              1              0                    S 15q     344440 4 3 2 1 1 0  1116.0 1116.0
222 2420.113921 5.632E-31 1.389E-05.03540.035  522.82490.410.000000              1              0                    S 16q     344440 4 3 2 1 1 0  1188.0 1188.0
222 2427.138911 4.404E-31 1.399E-05.03320.033  588.12220.340.000000              1              0                    S 17q     344440 4 3 2 1 1 0  1260.0 1260.0
222 2434.126077 3.370E-31 1.409E-05.03110.031  657.24710.270.000000              1              0                    S 18q     344440 4 3 2 1 1 0  1332.0 1332.0
222 2441.075159 2.526E-31 1.419E-05.02910.029  730.19710.200.000000              1              0                    S 19q     344440 4 3 2 1 1 0  1404.0 1404.0
222 2447.985897 1.853E-31 1.429E-05.02740.027  806.96980.200.000000              1              0                    S 20q     344440 4 3 2 1 1 0  1476.0 1476.0
222 2454.858028 1.331E-31 1.440E-05.02730.027  887.56270.200.000000              1              0                    S 21q     344440 4 3 2 1 1 0  1548.0 1548.0
222 2461.691293 9.366E-32 1.450E-05.02730.027  971.97310.200.000000              1              0                    S 22q     344440 4 3 2 1 1 0  1620.0 1620.0
222 2468.485429 6.460E-32 1.461E-05.02730.027 1060.19820.200.000000              1              0                    S 23q     344440 4 3 2 1 1 0  1692.0 1692.0
222 2475.240176 4.364E-32 1.471E-05.02730.027 1152.23490.200.000000              1              0                    S 24q     344440 4 3 2 1 1 0  1764.0 1764.0
222 2481.955272 2.890E-32 1.482E-05.02730.027 1248.08020.200.000000              1              0                    S 25q     344440 4 3 2 1 1 0  1836.0 1836.0
222 2488.630455 1.876E-32 1.492E-05.02730.027 1347.73100.200.000000              1              0                    S 26q     344440 4 3 2 1 1 0  1908.0 1908.0
222 2495.265464 1.194E-32 1.503E-05.02730.027 1451.18370.200.000000              1              0                    S 27q     344440 4 3 2 1 1 0  1980.0 1980.0
222 2501.860038 7.446E-33 1.514E-05.02730.027 1558.43510.200.000000              1              0                    S 28q     344440 4 3 2 1 1 0  2052.0 2052.0
222 2508.413914 4.556E-33 1.525E-05.02730.027 1669.48140.200.000000              1              0                    S 29q     344440 4 3 2 1 1 0  2124.0 2124.0
222 2514.926830 2.734E-33 1.536E-05.02730.027 1784.31910.200.000000              1              0                    S 30q     344440 4 3 2 1 1 0  2196.0 2196.0
222 2521.398525 1.608E-33 1.546E-05.02730.027 1902.94410.200.000000              1              0                    S 31q     344440 4 3 2 1 1 0  2268.0 2268.0
222 2527.828736 9.278E-34 1.557E-05.02730.027 2025.35250.200.000000              1              0                    S 32q     344440 4 3 2 1 1 0  2340.0 2340.0
222 2534.217202 5.250E-34 1.568E-05.02730.027 2151.54030.200.000000              1              0                    S 33q     344440 4 3 2 1 1 0  2412.0 2412.0
222 2540.563660 2.914E-34 1.579E-05.02730.027 2281.50340.200.000000              1              0                    S 34q     344440 4 3 2 1 1 0  2484.0 2484.0
222 2546.867847 1.587E-34 1.591E-05.02730.027 2415.23710.200.000000              1              0                    S 35q     344440 4 3 2 1 1 0  2556.0 2556.0
222 2553.129501 8.482E-35 1.602E-05.02730.027 2552.73680.200.000000              1              0                    S 36q     344440 4 3 2 1 1 0  2628.0 2628.0
222 2559.348360 4.444E-35 1.613E-05.02730.027 2693.99850.200.000000              1              0                    S 37q     344440 4 3 2 1 1 0  2700.0 2700.0
222 2565.524161 2.286E-35 1.624E-05.02730.027 2839.01680.200.000000              1              0                    S 38q     344440 4 3 2 1 1 0  2772.0 2772.0
222 2571.656641 1.153E-35 1.636E-05.02730.027 2987.78740.200.000000              1              0                    S 39q     344440 4 3 2 1 1 0  2844.0 2844.0
222 2577.745537 5.710E-36 1.647E-05.02730.027 3140.30490.200.000000              1              0                    S 40q     344440 4 3 2 1 1 0  2916.0 2916.0
