        0.60000000        9.83220246E+05
        0.60340000        9.37900694E+05
        0.60680000        8.95258003E+05
        0.61020000        8.55102648E+05
        0.61360000        8.17260143E+05
        0.61700000        7.81569728E+05
        0.62040000        7.47883188E+05
        0.62380000        7.16063776E+05
        0.62720000        6.85985239E+05
        0.63060000        6.57530936E+05
        0.63400000        6.30593032E+05
        0.63740000        6.05071770E+05
        0.64080000        5.80874807E+05
        0.64420000        5.57916607E+05
        0.64760000        5.36117894E+05
        0.65100000        5.15405147E+05
        0.65440000        4.95710141E+05
        0.65780000        4.76969532E+05
        0.66120000        4.59124472E+05
        0.66460000        4.42120263E+05
        0.66800000        4.25906030E+05
        0.67140000        4.10434438E+05
        0.67480000        3.95661416E+05
        0.67820000        3.81545912E+05
        0.68160000        3.68049672E+05
        0.68500000        3.55137028E+05
        0.68840000        3.42774707E+05
        0.69180000        3.30931660E+05
        0.69520000        3.19578898E+05
        0.69860000        3.08689343E+05
        0.70200000        2.98237694E+05
        0.70540000        2.88200296E+05
        0.70880000        2.78555029E+05
        0.71220000        2.69281198E+05
        0.71560000        2.60359433E+05
        0.71900000        2.51771597E+05
        0.72240000        2.43500704E+05
        0.72580000        2.35530837E+05
        0.72920000        2.27847075E+05
        0.73260000        2.20435430E+05
        0.73600000        2.13282779E+05
        0.73940000        2.06376806E+05
        0.74280000        1.99705954E+05
        0.74620000        1.93259368E+05
        0.74960000        1.87026849E+05
        0.75300000        1.80998817E+05
        0.75640000        1.75166261E+05
        0.75980000        1.69520709E+05
        0.76320000        1.64054190E+05
        0.76660000        1.58759200E+05
        0.77000000        1.53628673E+05
        0.77340000        1.48655953E+05
        0.77680000        1.43834766E+05
        0.78020000        1.39159196E+05
        0.78360000        1.34623662E+05
        0.78700000        1.30222895E+05
        0.79040000        1.25951919E+05
        0.79380000        1.21806033E+05
        0.79720000        1.17780790E+05
        0.80060000        1.13871985E+05
        0.80400000        1.10075633E+05
        0.80740000        1.06387964E+05
        0.81080000        1.02805400E+05
        0.81420000        9.93245465E+04
        0.81760000        9.59421831E+04
        0.82100000        9.26552479E+04
        0.82440000        8.94608297E+04
        0.82780000        8.63561577E+04
        0.83120000        8.33385926E+04
        0.83460000        8.04056180E+04
        0.83800000        7.75548328E+04
        0.84140000        7.47839433E+04
        0.84480000        7.20907570E+04
        0.84820000        6.94731757E+04
        0.85160000        6.69291895E+04
        0.85500000        6.44568715E+04
        0.85840000        6.20543724E+04
        0.86180000        5.97199158E+04
        0.86520000        5.74517933E+04
        0.86860000        5.52483607E+04
        0.87200000        5.31080339E+04
        0.87540000        5.10292854E+04
        0.87880000        4.90106404E+04
        0.88220000        4.70506744E+04
        0.88560000        4.51480097E+04
        0.88900000        4.33013129E+04
        0.89240000        4.15092925E+04
        0.89580000        3.97706961E+04
        0.89920000        3.80843087E+04
        0.90260000        3.64489506E+04
        0.90600000        3.48634753E+04
        0.90940000        3.33267679E+04
        0.91280000        3.18377437E+04
        0.91620000        3.03953462E+04
        0.91960000        2.89985465E+04
        0.92300000        2.76463412E+04
        0.92640000        2.63377517E+04
        0.92980000        2.50718233E+04
        0.93320000        2.38476235E+04
        0.93660000        2.26642417E+04
        0.94000000        2.15207882E+04
        0.94340000        2.04163932E+04
        0.94680000        1.93502062E+04
        0.95020000        1.83213953E+04
        0.95360000        1.73291465E+04
        0.95700000        1.63726632E+04
        0.96040000        1.54511657E+04
        0.96380000        1.45638905E+04
        0.96720000        1.37100899E+04
        0.97060000        1.28890316E+04
        0.97400000        1.20999981E+04
        0.97740000        1.13422868E+04
        0.98080000        1.06152090E+04
        0.98420000        9.91808975E+03
        0.98760000        9.25026785E+03
        0.99100000        8.61109515E+03
        0.99440000        7.99993637E+03
        0.99780000        7.41616889E+03
        1.00120000        6.85918237E+03
        1.00460000        6.32837856E+03
        1.00800000        5.82317103E+03
        1.01140000        5.34298492E+03
        1.01480000        4.88725672E+03
        1.01820000        4.45543405E+03
        1.02160000        4.04697542E+03
        1.02500000        3.66135003E+03
        1.02840000        3.29803756E+03
        1.03180000        2.95652798E+03
        1.03520000        2.63632133E+03
        1.03860000        2.33692755E+03
        1.04200000        2.05786627E+03
        1.04540000        1.79866664E+03
        1.04880000        1.55886712E+03
        1.05220000        1.33801536E+03
        1.05560000        1.13566793E+03
        1.05900000        9.51390234E+02
        1.06240000        7.84756300E+02
        1.06580000        6.35348605E+02
        1.06920000        5.02757924E+02
        1.07260000        3.86583160E+02
        1.07600000        2.86431187E+02
        1.07940000        2.01916690E+02
        1.08280000        1.32662011E+02
        1.08620000        7.82969958E+01
        1.08960000        3.84588440E+01
        1.09300000        1.27919635E+01
        1.09640000        9.47825477E-01
        1.09980000        2.58482301E+00
        1.10320000        1.73681330E+01
        1.10660000        4.49695806E+01
        1.11000000        8.50675061E+01
        1.11340000        1.37346636E+02
        1.11680000        2.01497956E+02
        1.12020000        2.77218586E+02
        1.12360000        3.64211661E+02
        1.12700000        4.62186213E+02
        1.13040000        5.70857053E+02
        1.13380000        6.89944661E+02
        1.13720000        8.19175077E+02
        1.14060000        9.58279792E+02
        1.14400000        1.10699564E+03
        1.14740000        1.26506471E+03
        1.15080000        1.43223423E+03
        1.15420000        1.60825647E+03
        1.15760000        1.79288866E+03
        1.16100000        1.98589289E+03
        1.16440000        2.18703602E+03
        1.16780000        2.39608957E+03
        1.17120000        2.61282967E+03
        1.17460000        2.83703695E+03
        1.17800000        3.06849646E+03
        1.18140000        3.30699758E+03
        1.18480000        3.55233396E+03
        1.18820000        3.80430343E+03
        1.19160000        4.06270789E+03
        1.19500000        4.32735329E+03
        1.19840000        4.59804952E+03
        1.20180000        4.87461032E+03
        1.20520000        5.15685326E+03
        1.20860000        5.44459960E+03
        1.21200000        5.73767429E+03
        1.21540000        6.03590584E+03
        1.21880000        6.33912628E+03
        1.22220000        6.64717109E+03
        1.22560000        6.95987914E+03
        1.22900000        7.27709262E+03
        1.23240000        7.59865695E+03
        1.23580000        7.92442076E+03
        1.23920000        8.25423580E+03
        1.24260000        8.58795691E+03
        1.24600000        8.92544190E+03
        1.24940000        9.26655158E+03
        1.25280000        9.61114961E+03
        1.25620000        9.95910251E+03
        1.25960000        1.03102796E+04
        1.26300000        1.06645529E+04
        1.26640000        1.10217971E+04
        1.26980000        1.13818896E+04
        1.27320000        1.17447102E+04
        1.27660000        1.21101415E+04
        1.28000000        1.24780683E+04
        1.28340000        1.28483780E+04
        1.28680000        1.32209603E+04
        1.29020000        1.35957074E+04
        1.29360000        1.39725136E+04
        1.29700000        1.43512755E+04
        1.30040000        1.47318921E+04
        1.30380000        1.51142643E+04
        1.30720000        1.54982953E+04
        1.31060000        1.58838903E+04
        1.31400000        1.62709567E+04
        1.31740000        1.66594037E+04
        1.32080000        1.70491428E+04
        1.32420000        1.74400870E+04
        1.32760000        1.78321516E+04
        1.33100000        1.82252535E+04
        1.33440000        1.86193116E+04
        1.33780000        1.90142466E+04
        1.34120000        1.94099809E+04
        1.34460000        1.98064386E+04
        1.34800000        2.02035456E+04
        1.35140000        2.06012293E+04
        1.35480000        2.09994190E+04
        1.35820000        2.13980454E+04
        1.36160000        2.17970408E+04
        1.36500000        2.21963392E+04
        1.36840000        2.25958758E+04
        1.37180000        2.29955875E+04
        1.37520000        2.33954127E+04
        1.37860000        2.37952911E+04
        1.38200000        2.41951638E+04
        1.38540000        2.45949734E+04
        1.38880000        2.49946636E+04
        1.39220000        2.53941795E+04
        1.39560000        2.57934677E+04
        1.39900000        2.61924757E+04
        1.40240000        2.65911525E+04
        1.40580000        2.69894481E+04
        1.40920000        2.73873137E+04
        1.41260000        2.77847018E+04
        1.41600000        2.81815658E+04
        1.41940000        2.85778604E+04
        1.42280000        2.89735413E+04
        1.42620000        2.93685650E+04
        1.42960000        2.97628893E+04
        1.43300000        3.01564730E+04
        1.43640000        3.05492757E+04
        1.43980000        3.09412580E+04
        1.44320000        3.13323814E+04
        1.44660000        3.17226084E+04
        1.45000000        3.21119023E+04
        1.45340000        3.25002271E+04
        1.45680000        3.28875480E+04
        1.46020000        3.32738306E+04
        1.46360000        3.36590416E+04
        1.46700000        3.40431484E+04
        1.47040000        3.44261189E+04
        1.47380000        3.48079221E+04
        1.47720000        3.51885275E+04
        1.48060000        3.55679054E+04
        1.48400000        3.59460266E+04
        1.48740000        3.63228628E+04
        1.49080000        3.66983861E+04
        1.49420000        3.70725694E+04
        1.49760000        3.74453862E+04
        1.50100000        3.78168106E+04
        1.50440000        3.81868173E+04
        1.50780000        3.85553813E+04
        1.51120000        3.89224787E+04
        1.51460000        3.92880856E+04
        1.51800000        3.96521789E+04
        1.52140000        4.00147361E+04
        1.52480000        4.03757351E+04
        1.52820000        4.07351543E+04
        1.53160000        4.10929726E+04
        1.53500000        4.14491694E+04
        1.53840000        4.18037246E+04
        1.54180000        4.21566186E+04
        1.54520000        4.25078321E+04
        1.54860000        4.28573464E+04
        1.55200000        4.32051433E+04
        1.55540000        4.35512049E+04
        1.55880000        4.38955137E+04
        1.56220000        4.42380529E+04
        1.56560000        4.45788058E+04
        1.56900000        4.49177564E+04
        1.57240000        4.52548890E+04
        1.57580000        4.55901881E+04
        1.57920000        4.59236390E+04
        1.58260000        4.62552273E+04
        1.58600000        4.65849387E+04
        1.58940000        4.69127596E+04
        1.59280000        4.72386768E+04
        1.59620000        4.75626774E+04
        1.59960000        4.78847489E+04
        1.60300000        4.82048792E+04
        1.60640000        4.85230567E+04
        1.60980000        4.88392699E+04
        1.61320000        4.91535081E+04
        1.61660000        4.94657606E+04
        1.62000000        4.97760174E+04
        1.62340000        5.00842686E+04
        1.62680000        5.03905050E+04
        1.63020000        5.06947175E+04
        1.63360000        5.09968975E+04
        1.63700000        5.12970368E+04
        1.64040000        5.15951276E+04
        1.64380000        5.18911624E+04
        1.64720000        5.21851342E+04
        1.65060000        5.24770363E+04
        1.65400000        5.27668624E+04
        1.65740000        5.30546065E+04
        1.66080000        5.33402632E+04
        1.66420000        5.36238272E+04
        1.66760000        5.39052938E+04
        1.67100000        5.41846585E+04
        1.67440000        5.44619175E+04
        1.67780000        5.47370669E+04
        1.68120000        5.50101035E+04
        1.68460000        5.52810245E+04
        1.68800000        5.55498272E+04
        1.69140000        5.58165096E+04
        1.69480000        5.60810698E+04
        1.69820000        5.63435064E+04
        1.70160000        5.66038185E+04
        1.70500000        5.68620052E+04
        1.70840000        5.71180663E+04
        1.71180000        5.73720017E+04
        1.71520000        5.76238120E+04
        1.71860000        5.78734978E+04
        1.72200000        5.81210602E+04
        1.72540000        5.83665007E+04
        1.72880000        5.86098212E+04
        1.73220000        5.88510236E+04
        1.73560000        5.90901105E+04
        1.73900000        5.93270848E+04
        1.74240000        5.95619495E+04
        1.74580000        5.97947083E+04
        1.74920000        6.00253647E+04
        1.75260000        6.02539231E+04
        1.75600000        6.04803879E+04
        1.75940000        6.07047637E+04
        1.76280000        6.09270558E+04
        1.76620000        6.11472694E+04
        1.76960000        6.13654103E+04
        1.77300000        6.15814844E+04
        1.77640000        6.17954980E+04
        1.77980000        6.20074577E+04
        1.78320000        6.22173702E+04
        1.78660000        6.24252428E+04
        1.79000000        6.26310827E+04
        1.79340000        6.28348976E+04
        1.79680000        6.30366954E+04
        1.80020000        6.32364844E+04
        1.80360000        6.34342728E+04
        1.80700000        6.36300694E+04
        1.81040000        6.38238831E+04
        1.81380000        6.40157229E+04
        1.81720000        6.42055982E+04
        1.82060000        6.43935186E+04
        1.82400000        6.45794939E+04
        1.82740000        6.47635341E+04
        1.83080000        6.49456493E+04
        1.83420000        6.51258500E+04
        1.83760000        6.53041468E+04
        1.84100000        6.54805504E+04
        1.84440000        6.56550717E+04
        1.84780000        6.58277220E+04
        1.85120000        6.59985124E+04
        1.85460000        6.61674544E+04
        1.85800000        6.63345597E+04
        1.86140000        6.64998400E+04
        1.86480000        6.66633071E+04
        1.86820000        6.68249732E+04
        1.87160000        6.69848504E+04
        1.87500000        6.71429509E+04
        1.87840000        6.72992872E+04
        1.88180000        6.74538719E+04
        1.88520000        6.76067175E+04
        1.88860000        6.77578367E+04
        1.89200000        6.79072425E+04
        1.89540000        6.80549477E+04
        1.89880000        6.82009654E+04
        1.90220000        6.83453086E+04
        1.90560000        6.84879905E+04
        1.90900000        6.86290243E+04
        1.91240000        6.87684234E+04
        1.91580000        6.89062011E+04
        1.91920000        6.90423707E+04
        1.92260000        6.91769458E+04
        1.92600000        6.93099399E+04
        1.92940000        6.94413665E+04
        1.93280000        6.95712392E+04
        1.93620000        6.96995716E+04
        1.93960000        6.98263773E+04
        1.94300000        6.99516700E+04
        1.94640000        7.00754633E+04
        1.94980000        7.01977710E+04
        1.95320000        7.03186067E+04
        1.95660000        7.04379841E+04
        1.96000000        7.05559169E+04
        1.96340000        7.06724189E+04
        1.96680000        7.07875035E+04
        1.97020000        7.09011847E+04
        1.97360000        7.10134759E+04
        1.97700000        7.11243908E+04
        1.98040000        7.12339430E+04
        1.98380000        7.13421462E+04
        1.98720000        7.14490138E+04
        1.99060000        7.15545593E+04
        1.99400000        7.16587964E+04
        1.99740000        7.17617382E+04
        2.00080000        7.18633984E+04
        2.00420000        7.19637902E+04
        2.00760000        7.20629270E+04
        2.01100000        7.21608219E+04
        2.01440000        7.22574883E+04
        2.01780000        7.23529391E+04
        2.02120000        7.24471876E+04
        2.02460000        7.25402467E+04
        2.02800000        7.26321295E+04
        2.03140000        7.27228487E+04
        2.03480000        7.28124172E+04
        2.03820000        7.29008479E+04
        2.04160000        7.29881533E+04
        2.04500000        7.30743460E+04
        2.04840000        7.31594387E+04
        2.05180000        7.32434438E+04
        2.05520000        7.33263736E+04
        2.05860000        7.34082406E+04
        2.06200000        7.34890568E+04
        2.06540000        7.35688344E+04
        2.06880000        7.36475855E+04
        2.07220000        7.37253221E+04
        2.07560000        7.38020560E+04
        2.07900000        7.38777991E+04
        2.08240000        7.39525630E+04
        2.08580000        7.40263593E+04
        2.08920000        7.40991997E+04
        2.09260000        7.41710954E+04
        2.09600000        7.42420580E+04
        2.09940000        7.43120985E+04
        2.10280000        7.43812283E+04
        2.10620000        7.44494582E+04
        2.10960000        7.45167994E+04
        2.11300000        7.45832626E+04
        2.11640000        7.46488587E+04
        2.11980000        7.47135983E+04
        2.12320000        7.47774920E+04
        2.12660000        7.48405503E+04
        2.13000000        7.49027836E+04
        2.13340000        7.49642022E+04
        2.13680000        7.50248162E+04
        2.14020000        7.50846359E+04
        2.14360000        7.51436710E+04
        2.14700000        7.52019317E+04
        2.15040000        7.52594275E+04
        2.15380000        7.53161684E+04
        2.15720000        7.53721638E+04
        2.16060000        7.54274233E+04
        2.16400000        7.54819563E+04
        2.16740000        7.55357721E+04
        2.17080000        7.55888799E+04
        2.17420000        7.56412888E+04
        2.17760000        7.56930079E+04
        2.18100000        7.57440460E+04
        2.18440000        7.57944121E+04
        2.18780000        7.58441148E+04
        2.19120000        7.58931627E+04
        2.19460000        7.59415644E+04
        2.19800000        7.59893284E+04
        2.20140000        7.60364630E+04
        2.20480000        7.60829765E+04
        2.20820000        7.61288769E+04
        2.21160000        7.61741724E+04
        2.21500000        7.62188711E+04
        2.21840000        7.62629806E+04
        2.22180000        7.63065089E+04
        2.22520000        7.63494636E+04
        2.22860000        7.63918524E+04
        2.23200000        7.64336827E+04
        2.23540000        7.64749621E+04
        2.23880000        7.65156978E+04
        2.24220000        7.65558971E+04
        2.24560000        7.65955672E+04
        2.24900000        7.66347151E+04
        2.25240000        7.66733479E+04
        2.25580000        7.67114724E+04
        2.25920000        7.67490955E+04
        2.26260000        7.67862239E+04
        2.26600000        7.68228643E+04
        2.26940000        7.68590232E+04
        2.27280000        7.68947072E+04
        2.27620000        7.69299227E+04
        2.27960000        7.69646759E+04
        2.28300000        7.69989731E+04
        2.28640000        7.70328206E+04
        2.28980000        7.70662244E+04
        2.29320000        7.70991904E+04
        2.29660000        7.71317247E+04
        2.30000000        7.71638332E+04
        2.30340000        7.71955215E+04
        2.30680000        7.72267954E+04
        2.31020000        7.72576606E+04
        2.31360000        7.72881226E+04
        2.31700000        7.73181869E+04
        2.32040000        7.73478589E+04
        2.32380000        7.73771439E+04
        2.32720000        7.74060473E+04
        2.33060000        7.74345743E+04
        2.33400000        7.74627300E+04
        2.33740000        7.74905194E+04
        2.34080000        7.75179476E+04
        2.34420000        7.75450195E+04
        2.34760000        7.75717400E+04
        2.35100000        7.75981139E+04
        2.35440000        7.76241459E+04
        2.35780000        7.76498407E+04
        2.36120000        7.76752029E+04
        2.36460000        7.77002371E+04
        2.36800000        7.77249478E+04
        2.37140000        7.77493394E+04
        2.37480000        7.77734162E+04
        2.37820000        7.77971826E+04
        2.38160000        7.78206429E+04
        2.38500000        7.78438012E+04
        2.38840000        7.78666616E+04
        2.39180000        7.78892283E+04
        2.39520000        7.79115053E+04
        2.39860000        7.79334965E+04
        2.40200000        7.79552059E+04
        2.40540000        7.79766373E+04
        2.40880000        7.79977946E+04
        2.41220000        7.80186814E+04
        2.41560000        7.80393015E+04
        2.41900000        7.80596585E+04
        2.42240000        7.80797561E+04
        2.42580000        7.80995978E+04
        2.42920000        7.81191871E+04
        2.43260000        7.81385274E+04
        2.43600000        7.81576222E+04
        2.43940000        7.81764748E+04
        2.44280000        7.81950886E+04
        2.44620000        7.82134667E+04
        2.44960000        7.82316125E+04
        2.45300000        7.82495290E+04
        2.45640000        7.82672195E+04
        2.45980000        7.82846869E+04
        2.46320000        7.83019345E+04
        2.46660000        7.83189651E+04
        2.47000000        7.83357816E+04
        2.47340000        7.83523872E+04
        2.47680000        7.83687845E+04
        2.48020000        7.83849765E+04
        2.48360000        7.84009659E+04
        2.48700000        7.84167555E+04
        2.49040000        7.84323480E+04
        2.49380000        7.84477461E+04
        2.49720000        7.84629524E+04
        2.50060000        7.84779696E+04
        2.50400000        7.84928002E+04
        2.50740000        7.85074467E+04
        2.51080000        7.85219116E+04
        2.51420000        7.85361975E+04
        2.51760000        7.85503066E+04
        2.52100000        7.85642415E+04
        2.52440000        7.85780044E+04
        2.52780000        7.85915978E+04
        2.53120000        7.86050238E+04
        2.53460000        7.86182847E+04
        2.53800000        7.86313829E+04
        2.54140000        7.86443204E+04
        2.54480000        7.86570994E+04
        2.54820000        7.86697221E+04
        2.55160000        7.86821905E+04
        2.55500000        7.86945068E+04
        2.55840000        7.87066730E+04
        2.56180000        7.87186911E+04
        2.56520000        7.87305630E+04
        2.56860000        7.87422908E+04
        2.57200000        7.87538764E+04
        2.57540000        7.87653217E+04
        2.57880000        7.87766285E+04
        2.58220000        7.87877988E+04
        2.58560000        7.87988342E+04
        2.58900000        7.88097367E+04
        2.59240000        7.88205080E+04
        2.59580000        7.88311499E+04
        2.59920000        7.88416640E+04
        2.60260000        7.88520521E+04
        2.60600000        7.88623158E+04
        2.60940000        7.88724569E+04
        2.61280000        7.88824768E+04
        2.61620000        7.88923773E+04
        2.61960000        7.89021599E+04
        2.62300000        7.89118262E+04
        2.62640000        7.89213777E+04
        2.62980000        7.89308158E+04
        2.63320000        7.89401423E+04
        2.63660000        7.89493584E+04
        2.64000000        7.89584656E+04
        2.64340000        7.89674654E+04
        2.64680000        7.89763592E+04
        2.65020000        7.89851484E+04
        2.65360000        7.89938343E+04
        2.65700000        7.90024183E+04
        2.66040000        7.90109018E+04
        2.66380000        7.90192860E+04
        2.66720000        7.90275723E+04
        2.67060000        7.90357619E+04
        2.67400000        7.90438560E+04
        2.67740000        7.90518560E+04
        2.68080000        7.90597631E+04
        2.68420000        7.90675784E+04
        2.68760000        7.90753032E+04
        2.69100000        7.90829386E+04
        2.69440000        7.90904858E+04
        2.69780000        7.90979459E+04
        2.70120000        7.91053201E+04
        2.70460000        7.91126094E+04
        2.70800000        7.91198150E+04
        2.71140000        7.91269379E+04
        2.71480000        7.91339792E+04
        2.71820000        7.91409400E+04
        2.72160000        7.91478213E+04
        2.72500000        7.91546240E+04
        2.72840000        7.91613493E+04
        2.73180000        7.91679981E+04
        2.73520000        7.91745713E+04
        2.73860000        7.91810700E+04
        2.74200000        7.91874952E+04
        2.74540000        7.91938476E+04
        2.74880000        7.92001283E+04
        2.75220000        7.92063382E+04
        2.75560000        7.92124781E+04
        2.75900000        7.92185490E+04
        2.76240000        7.92245518E+04
        2.76580000        7.92304872E+04
        2.76920000        7.92363562E+04
        2.77260000        7.92421596E+04
        2.77600000        7.92478982E+04
        2.77940000        7.92535728E+04
        2.78280000        7.92591843E+04
        2.78620000        7.92647334E+04
        2.78960000        7.92702209E+04
        2.79300000        7.92756476E+04
        2.79640000        7.92810142E+04
        2.79980000        7.92863216E+04
        2.80320000        7.92915703E+04
        2.80660000        7.92967613E+04
        2.81000000        7.93018951E+04
        2.81340000        7.93069726E+04
        2.81680000        7.93119943E+04
        2.82020000        7.93169611E+04
        2.82360000        7.93218735E+04
        2.82700000        7.93267323E+04
        2.83040000        7.93315381E+04
        2.83380000        7.93362915E+04
        2.83720000        7.93409933E+04
        2.84060000        7.93456440E+04
        2.84400000        7.93502444E+04
        2.84740000        7.93547949E+04
        2.85080000        7.93592962E+04
        2.85420000        7.93637489E+04
        2.85760000        7.93681537E+04
        2.86100000        7.93725110E+04
        2.86440000        7.93768216E+04
        2.86780000        7.93810859E+04
        2.87120000        7.93853045E+04
        2.87460000        7.93894779E+04
        2.87800000        7.93936068E+04
        2.88140000        7.93976917E+04
        2.88480000        7.94017330E+04
        2.88820000        7.94057314E+04
        2.89160000        7.94096873E+04
        2.89500000        7.94136012E+04
        2.89840000        7.94174737E+04
        2.90180000        7.94213053E+04
        2.90520000        7.94250964E+04
        2.90860000        7.94288476E+04
        2.91200000        7.94325593E+04
        2.91540000        7.94362320E+04
        2.91880000        7.94398661E+04
        2.92220000        7.94434622E+04
        2.92560000        7.94470206E+04
        2.92900000        7.94505419E+04
        2.93240000        7.94540264E+04
        2.93580000        7.94574746E+04
        2.93920000        7.94608870E+04
        2.94260000        7.94642639E+04
        2.94600000        7.94676058E+04
        2.94940000        7.94709131E+04
        2.95280000        7.94741862E+04
        2.95620000        7.94774255E+04
        2.95960000        7.94806314E+04
        2.96300000        7.94838044E+04
        2.96640000        7.94869447E+04
        2.96980000        7.94900527E+04
        2.97320000        7.94931290E+04
        2.97660000        7.94961737E+04
        2.98000000        7.94991873E+04
        2.98340000        7.95021702E+04
        2.98680000        7.95051227E+04
        2.99020000        7.95080452E+04
        2.99360000        7.95109380E+04
        2.99700000        7.95138014E+04
        3.00040000        7.95166358E+04
        3.00380000        7.95194416E+04
        3.00720000        7.95222191E+04
        3.01060000        7.95249685E+04
        3.01400000        7.95276903E+04
        3.01740000        7.95303847E+04
        3.02080000        7.95330520E+04
        3.02420000        7.95356926E+04
        3.02760000        7.95383068E+04
        3.03100000        7.95408949E+04
        3.03440000        7.95434571E+04
        3.03780000        7.95459938E+04
        3.04120000        7.95485053E+04
        3.04460000        7.95509918E+04
        3.04800000        7.95534536E+04
        3.05140000        7.95558911E+04
        3.05480000        7.95583044E+04
        3.05820000        7.95606939E+04
        3.06160000        7.95630599E+04
        3.06500000        7.95654025E+04
        3.06840000        7.95677221E+04
        3.07180000        7.95700190E+04
        3.07520000        7.95722933E+04
        3.07860000        7.95745453E+04
        3.08200000        7.95767753E+04
        3.08540000        7.95789836E+04
        3.08880000        7.95811703E+04
        3.09220000        7.95833358E+04
        3.09560000        7.95854802E+04
        3.09900000        7.95876038E+04
        3.10240000        7.95897068E+04
        3.10580000        7.95917895E+04
        3.10920000        7.95938520E+04
        3.11260000        7.95958946E+04
        3.11600000        7.95979176E+04
        3.11940000        7.95999211E+04
        3.12280000        7.96019053E+04
        3.12620000        7.96038705E+04
        3.12960000        7.96058169E+04
        3.13300000        7.96077447E+04
        3.13640000        7.96096541E+04
        3.13980000        7.96115452E+04
        3.14320000        7.96134184E+04
        3.14660000        7.96152737E+04
        3.15000000        7.96171114E+04
        3.15340000        7.96189317E+04
        3.15680000        7.96207347E+04
        3.16020000        7.96225207E+04
        3.16360000        7.96242899E+04
        3.16700000        7.96260423E+04
        3.17040000        7.96277783E+04
        3.17380000        7.96294980E+04
        3.17720000        7.96312015E+04
        3.18060000        7.96328890E+04
        3.18400000        7.96345607E+04
        3.18740000        7.96362169E+04
        3.19080000        7.96378575E+04
        3.19420000        7.96394829E+04
        3.19760000        7.96410931E+04
        3.20100000        7.96426884E+04
        3.20440000        7.96442689E+04
        3.20780000        7.96458347E+04
        3.21120000        7.96473860E+04
        3.21460000        7.96489230E+04
        3.21800000        7.96504459E+04
        3.22140000        7.96519546E+04
        3.22480000        7.96534495E+04
        3.22820000        7.96549307E+04
        3.23160000        7.96563983E+04
        3.23500000        7.96578524E+04
        3.23840000        7.96592933E+04
        3.24180000        7.96607209E+04
        3.24520000        7.96621356E+04
        3.24860000        7.96635373E+04
        3.25200000        7.96649263E+04
        3.25540000        7.96663027E+04
        3.25880000        7.96676666E+04
        3.26220000        7.96690182E+04
        3.26560000        7.96703575E+04
        3.26900000        7.96716847E+04
        3.27240000        7.96730000E+04
        3.27580000        7.96743034E+04
        3.27920000        7.96755950E+04
        3.28260000        7.96768751E+04
        3.28600000        7.96781437E+04
        3.28940000        7.96794009E+04
        3.29280000        7.96806469E+04
        3.29620000        7.96818817E+04
        3.29960000        7.96831056E+04
        3.30300000        7.96843185E+04
        3.30640000        7.96855206E+04
        3.30980000        7.96867121E+04
        3.31320000        7.96878930E+04
        3.31660000        7.96890634E+04
        3.32000000        7.96902235E+04
        3.32340000        7.96913733E+04
        3.32680000        7.96925130E+04
        3.33020000        7.96936427E+04
        3.33360000        7.96947624E+04
        3.33700000        7.96958722E+04
        3.34040000        7.96969724E+04
        3.34380000        7.96980629E+04
        3.34720000        7.96991438E+04
        3.35060000        7.97002153E+04
        3.35400000        7.97012775E+04
        3.35740000        7.97023304E+04
        3.36080000        7.97033741E+04
        3.36420000        7.97044088E+04
        3.36760000        7.97054345E+04
        3.37100000        7.97064513E+04
        3.37440000        7.97074593E+04
        3.37780000        7.97084586E+04
        3.38120000        7.97094493E+04
        3.38460000        7.97104314E+04
        3.38800000        7.97114051E+04
        3.39140000        7.97123704E+04
        3.39480000        7.97133275E+04
        3.39820000        7.97142763E+04
        3.40160000        7.97152170E+04
        3.40500000        7.97161497E+04
        3.40840000        7.97170744E+04
        3.41180000        7.97179912E+04
        3.41520000        7.97189002E+04
        3.41860000        7.97198015E+04
        3.42200000        7.97206951E+04
        3.42540000        7.97215811E+04
        3.42880000        7.97224597E+04
        3.43220000        7.97233308E+04
        3.43560000        7.97241946E+04
        3.43900000        7.97250510E+04
        3.44240000        7.97259003E+04
        3.44580000        7.97267424E+04
        3.44920000        7.97275775E+04
        3.45260000        7.97284055E+04
        3.45600000        7.97292266E+04
        3.45940000        7.97300408E+04
        3.46280000        7.97308483E+04
        3.46620000        7.97316489E+04
        3.46960000        7.97324430E+04
        3.47300000        7.97332304E+04
        3.47640000        7.97340112E+04
        3.47980000        7.97347856E+04
        3.48320000        7.97355536E+04
        3.48660000        7.97363152E+04
        3.49000000        7.97370705E+04
        3.49340000        7.97378195E+04
        3.49680000        7.97385624E+04
        3.50020000        7.97392992E+04
        3.50360000        7.97400299E+04
        3.50700000        7.97407546E+04
        3.51040000        7.97414734E+04
        3.51380000        7.97421863E+04
        3.51720000        7.97428933E+04
        3.52060000        7.97435946E+04
        3.52400000        7.97442901E+04
        3.52740000        7.97449800E+04
        3.53080000        7.97456643E+04
        3.53420000        7.97463430E+04
        3.53760000        7.97470162E+04
        3.54100000        7.97476839E+04
        3.54440000        7.97483462E+04
        3.54780000        7.97490032E+04
        3.55120000        7.97496548E+04
        3.55460000        7.97503013E+04
        3.55800000        7.97509425E+04
        3.56140000        7.97515785E+04
        3.56480000        7.97522094E+04
        3.56820000        7.97528353E+04
        3.57160000        7.97534561E+04
        3.57500000        7.97540720E+04
        3.57840000        7.97546830E+04
        3.58180000        7.97552891E+04
        3.58520000        7.97558903E+04
        3.58860000        7.97564868E+04
        3.59200000        7.97570785E+04
        3.59540000        7.97576655E+04
        3.59880000        7.97582479E+04
        3.60220000        7.97588256E+04
        3.60560000        7.97593988E+04
        3.60900000        7.97599674E+04
        3.61240000        7.97605316E+04
        3.61580000        7.97610913E+04
        3.61920000        7.97616466E+04
        3.62260000        7.97621976E+04
        3.62600000        7.97627442E+04
        3.62940000        7.97632865E+04
        3.63280000        7.97638246E+04
        3.63620000        7.97643584E+04
        3.63960000        7.97648881E+04
        3.64300000        7.97654137E+04
        3.64640000        7.97659352E+04
        3.64980000        7.97664526E+04
        3.65320000        7.97669660E+04
        3.65660000        7.97674753E+04
        3.66000000        7.97679808E+04
        3.66340000        7.97684823E+04
        3.66680000        7.97689800E+04
        3.67020000        7.97694738E+04
        3.67360000        7.97699638E+04
        3.67700000        7.97704500E+04
        3.68040000        7.97709325E+04
        3.68380000        7.97714112E+04
        3.68720000        7.97718863E+04
        3.69060000        7.97723578E+04
        3.69400000        7.97728256E+04
        3.69740000        7.97732899E+04
        3.70080000        7.97737506E+04
        3.70420000        7.97742078E+04
        3.70760000        7.97746615E+04
        3.71100000        7.97751118E+04
        3.71440000        7.97755586E+04
        3.71780000        7.97760020E+04
        3.72120000        7.97764421E+04
        3.72460000        7.97768788E+04
        3.72800000        7.97773123E+04
        3.73140000        7.97777424E+04
        3.73480000        7.97781694E+04
        3.73820000        7.97785930E+04
        3.74160000        7.97790136E+04
        3.74500000        7.97794309E+04
        3.74840000        7.97798451E+04
        3.75180000        7.97802562E+04
        3.75520000        7.97806642E+04
        3.75860000        7.97810692E+04
        3.76200000        7.97814711E+04
        3.76540000        7.97818701E+04
        3.76880000        7.97822660E+04
        3.77220000        7.97826590E+04
        3.77560000        7.97830491E+04
        3.77900000        7.97834363E+04
        3.78240000        7.97838206E+04
        3.78580000        7.97842021E+04
        3.78920000        7.97845807E+04
        3.79260000        7.97849566E+04
        3.79600000        7.97853296E+04
        3.79940000        7.97857000E+04
        3.80280000        7.97860675E+04
        3.80620000        7.97864324E+04
        3.80960000        7.97867946E+04
        3.81300000        7.97871541E+04
        3.81640000        7.97875110E+04
        3.81980000        7.97878653E+04
        3.82320000        7.97882170E+04
        3.82660000        7.97885661E+04
        3.83000000        7.97889127E+04
        3.83340000        7.97892568E+04
        3.83680000        7.97895983E+04
        3.84020000        7.97899374E+04
        3.84360000        7.97902739E+04
        3.84700000        7.97906081E+04
        3.85040000        7.97909398E+04
        3.85380000        7.97912691E+04
        3.85720000        7.97915961E+04
        3.86060000        7.97919207E+04
        3.86400000        7.97922429E+04
        3.86740000        7.97925628E+04
        3.87080000        7.97928804E+04
        3.87420000        7.97931958E+04
        3.87760000        7.97935088E+04
        3.88100000        7.97938197E+04
        3.88440000        7.97941283E+04
        3.88780000        7.97944346E+04
        3.89120000        7.97947388E+04
        3.89460000        7.97950409E+04
        3.89800000        7.97953407E+04
        3.90140000        7.97956385E+04
        3.90480000        7.97959341E+04
        3.90820000        7.97962276E+04
        3.91160000        7.97965190E+04
        3.91500000        7.97968084E+04
        3.91840000        7.97970957E+04
        3.92180000        7.97973810E+04
        3.92520000        7.97976642E+04
        3.92860000        7.97979455E+04
        3.93200000        7.97982248E+04
        3.93540000        7.97985021E+04
        3.93880000        7.97987774E+04
        3.94220000        7.97990509E+04
        3.94560000        7.97993224E+04
        3.94900000        7.97995920E+04
        3.95240000        7.97998597E+04
        3.95580000        7.98001255E+04
        3.95920000        7.98003895E+04
        3.96260000        7.98006516E+04
        3.96600000        7.98009120E+04
        3.96940000        7.98011705E+04
        3.97280000        7.98014272E+04
        3.97620000        7.98016821E+04
        3.97960000        7.98019352E+04
        3.98300000        7.98021866E+04
        3.98640000        7.98024363E+04
        3.98980000        7.98026842E+04
        3.99320000        7.98029304E+04
        3.99660000        7.98031749E+04
        4.00000000        7.98034177E+04
